1 184
2 187
3 178
4 116
5 194
6 136
7 187
8 193
9 150
10 122
11 163
12 128
13 191
14 160
15 164
16 127
17 141
18 127
19 173
20 137
21 112
22 169
23 168
24 130
25 183
26 131
27 163
28 124
29 168
30 136
31 130
32 103
33 123
34 159
35 170
36 168
37 194
38 157
39 112
40 143
41 130
42 174
43 122
44 120
45 185
46 138
47 199
48 125
49 116
50 171
51 114
52 127
53 192
54 181
55 157
56 174
57 163
58 171
59 197
60 182
61 106
62 126
63 185
64 128
65 137
66 106
67 147
68 130
69 114
70 158
71 125
72 196
73 183
74 146
75 115
76 168
77 135
78 165
79 144
80 151
81 188
82 109
83 177
84 179
85 189
86 185
87 104
88 152
89 155
90 200
91 133
92 161
93 177
94 169
95 140
96 113
97 127
98 187
99 195
100 140
