0
1183
1
1186
2
1177
3
1115
4
1193
5
1135
6
1186
7
1192
8
1149
9
1121
10
1162
11
1127
12
1190
13
1159
14
1163
15
1126
16
1140
17
1126
18
1172
19
1136
20
1111
21
1168
22
1167
23
1129
24
1182
25
1130
26
1162
27
1123
28
1167
29
1135
30
1129
31
1102
32
1122
33
1158
34
1169
35
1167
36
1193
37
1156
38
1111
39
1142
40
1129
41
1173
42
1121
43
1119
44
1184
45
1137
46
1198
47
1124
48
1115
49
1170
50
1113
51
1126
52
1191
53
1180
54
1156
55
1173
56
1162
57
1170
58
1196
59
1181
60
1105
61
1125
62
1184
63
1127
64
1136
65
1105
66
1146
67
1129
68
1113
69
1157
70
1124
71
1195
72
1182
73
1145
74
1114
75
1167
76
1134
77
1164
78
1143
79
1150
80
1187
81
1108
82
1176
83
1178
84
1188
85
1184
86
1103
87
1151
88
1154
89
1199
90
1132
91
1160
92
1176
93
1168
94
1139
95
1112
96
1126
97
1186
98
1194
99
1139
